[[ 0.          0.32258065  0.58064516  0.74193548  0.70967742  0.77419355
   0.58064516  0.80645161  0.87096774  0.90322581  0.87096774  0.83870968
   0.93548387  0.90322581  0.93548387  0.96774194  0.93548387  0.93548387
   0.90322581  0.95454545]
 [ 0.32258065  0.          0.70967742  0.83870968  0.80645161  0.83870968
   0.58064516  0.90322581  0.90322581  0.90322581  0.87096774  0.90322581
   0.96774194  0.90322581  0.93548387  0.93548387  0.96774194  1.
   0.93548387  0.90909091]
 [ 0.58064516  0.70967742  0.          0.41935484  0.41935484  0.58064516
   0.5483871   0.58064516  0.70967742  0.77419355  0.74193548  0.64516129
   0.80645161  0.80645161  0.83870968  0.83870968  0.77419355  0.83870968
   0.80645161  1.        ]
 [ 0.74193548  0.83870968  0.41935484  0.          0.12903226  0.25806452
   0.5483871   0.5483871   0.5483871   0.58064516  0.5483871   0.64516129
   0.74193548  0.70967742  0.74193548  0.77419355  0.67741935  0.77419355
   0.80645161  0.95454545]
 [ 0.70967742  0.80645161  0.41935484  0.12903226  0.          0.29032258
   0.51612903  0.58064516  0.51612903  0.51612903  0.48387097  0.61290323
   0.74193548  0.67741935  0.70967742  0.74193548  0.67741935  0.77419355
   0.80645161  0.90909091]
 [ 0.77419355  0.83870968  0.58064516  0.25806452  0.29032258  0.
   0.41935484  0.64516129  0.64516129  0.5483871   0.5483871   0.70967742
   0.77419355  0.80645161  0.77419355  0.74193548  0.70967742  0.77419355
   0.80645161  0.90909091]
 [ 0.58064516  0.58064516  0.5483871   0.5483871   0.51612903  0.41935484
   0.          0.61290323  0.74193548  0.74193548  0.74193548  0.70967742
   0.83870968  0.87096774  0.87096774  0.87096774  0.83870968  0.87096774
   0.83870968  0.90909091]
 [ 0.80645161  0.90322581  0.58064516  0.5483871   0.58064516  0.64516129
   0.61290323  0.          0.41935484  0.5483871   0.48387097  0.32258065
   0.4516129   0.61290323  0.64516129  0.67741935  0.51612903  0.61290323
   0.64516129  0.90909091]
 [ 0.87096774  0.90322581  0.70967742  0.5483871   0.51612903  0.64516129
   0.74193548  0.41935484  0.          0.25806452  0.22580645  0.41935484
   0.48387097  0.41935484  0.41935484  0.5483871   0.51612903  0.64516129
   0.67741935  0.77272727]
 [ 0.90322581  0.90322581  0.77419355  0.58064516  0.51612903  0.5483871
   0.74193548  0.5483871   0.25806452  0.          0.16129032  0.41935484
   0.5483871   0.51612903  0.4516129   0.48387097  0.51612903  0.64516129
   0.67741935  0.72727273]
 [ 0.87096774  0.87096774  0.74193548  0.5483871   0.48387097  0.5483871
   0.74193548  0.48387097  0.22580645  0.16129032  0.          0.35483871
   0.5483871   0.51612903  0.51612903  0.48387097  0.4516129   0.67741935
   0.64516129  0.77272727]
 [ 0.83870968  0.90322581  0.64516129  0.64516129  0.61290323  0.70967742
   0.70967742  0.32258065  0.41935484  0.41935484  0.35483871  0.
   0.48387097  0.58064516  0.58064516  0.58064516  0.32258065  0.58064516
   0.58064516  0.86363636]
 [ 0.93548387  0.96774194  0.80645161  0.74193548  0.74193548  0.77419355
   0.83870968  0.4516129   0.48387097  0.5483871   0.5483871   0.48387097
   0.          0.35483871  0.32258065  0.35483871  0.38709677  0.41935484
   0.5483871   0.72727273]
 [ 0.90322581  0.90322581  0.80645161  0.70967742  0.67741935  0.80645161
   0.87096774  0.61290323  0.41935484  0.51612903  0.51612903  0.58064516
   0.35483871  0.          0.22580645  0.32258065  0.4516129   0.51612903
   0.5483871   0.68181818]
 [ 0.93548387  0.93548387  0.83870968  0.74193548  0.70967742  0.77419355
   0.87096774  0.64516129  0.41935484  0.4516129   0.51612903  0.58064516
   0.32258065  0.22580645  0.          0.22580645  0.4516129   0.4516129
   0.58064516  0.63636364]
 [ 0.96774194  0.93548387  0.83870968  0.77419355  0.74193548  0.74193548
   0.87096774  0.67741935  0.5483871   0.48387097  0.48387097  0.58064516
   0.35483871  0.32258065  0.22580645  0.          0.41935484  0.51612903
   0.5483871   0.63636364]
 [ 0.93548387  0.96774194  0.77419355  0.67741935  0.67741935  0.70967742
   0.83870968  0.51612903  0.51612903  0.51612903  0.4516129   0.32258065
   0.38709677  0.4516129   0.4516129   0.41935484  0.          0.4516129
   0.41935484  0.77272727]
 [ 0.93548387  1.          0.83870968  0.77419355  0.77419355  0.77419355
   0.87096774  0.61290323  0.64516129  0.64516129  0.67741935  0.58064516
   0.41935484  0.51612903  0.4516129   0.51612903  0.4516129   0.
   0.35483871  0.72727273]
 [ 0.90322581  0.93548387  0.80645161  0.80645161  0.80645161  0.80645161
   0.83870968  0.64516129  0.67741935  0.67741935  0.64516129  0.58064516
   0.5483871   0.5483871   0.58064516  0.5483871   0.41935484  0.35483871
   0.          0.81818182]
 [ 0.95454545  0.90909091  1.          0.95454545  0.90909091  0.90909091
   0.90909091  0.90909091  0.77272727  0.72727273  0.77272727  0.86363636
   0.72727273  0.68181818  0.63636364  0.63636364  0.77272727  0.72727273
   0.81818182  0.        ]]